[gd_scene load_steps=11 format=3 uid="uid://bkpvb33dmrm0j"]

[ext_resource type="Script" path="res://main.gd" id="1_3q6pv"]
[ext_resource type="Material" uid="uid://l2jolkvknn8b" path="res://Material/Grass/material_3d.tres" id="1_ftb8n"]
[ext_resource type="Resource" uid="uid://dkj4jal2ug7rh" path="res://Blueprints/1_story_wooden.tres" id="2_y8u0a"]
[ext_resource type="PackedScene" uid="uid://b2cgg0gehx5sy" path="res://House/Pillar/pillar.tscn" id="4_fhtln"]
[ext_resource type="Script" path="res://House/Pillar/pillar.gd" id="5_8hnxr"]
[ext_resource type="PackedScene" uid="uid://dnwereidlvrc8" path="res://House/Wall/wall.tscn" id="6_tsp63"]
[ext_resource type="Script" path="res://House/Wall/wall.gd" id="7_pyeh0"]
[ext_resource type="Material" uid="uid://dcjxc15k81xrl" path="res://Material/Bricks/material_3d.tres" id="9_q7pkc"]
[ext_resource type="Material" uid="uid://cr0pyia4tfjfo" path="res://Material/Stucco/white_stucco.tres" id="10_lfyxc"]

[sub_resource type="Environment" id="Environment_yr4y3"]
background_energy_multiplier = 16.0

[node name="Main" type="Node3D"]
transform = Transform3D(1, 0, 0, 0, 1, 0, 0, 0, 1, 0.226522, -0.180775, -0.00744724)
script = ExtResource("1_3q6pv")
house_config = ExtResource("2_y8u0a")

[node name="Grass" type="CSGBox3D" parent="."]
transform = Transform3D(1, 0, 0, 0, 1, 0, 0, 0, 1, 0, -0.5, 0)
size = Vector3(50, 1, 50)
material = ExtResource("1_ftb8n")

[node name="Camera3D" type="Camera3D" parent="."]
transform = Transform3D(1, 0, 0, 0, 0.153176, 0.988199, 0, -0.988199, 0.153176, 0, 22.6083, 0)
environment = SubResource("Environment_yr4y3")

[node name="House" type="Node3D" parent="."]

[node name="Pillar_0   ; p   8" type="Node3D" parent="House" instance=ExtResource("4_fhtln")]
transform = Transform3D(1, 0, 0, 0, 1, 0, 0, 0, 1, 14.5107, 0, 7.74006)
script = ExtResource("5_8hnxr")

[node name="Pillar_1   ; p   18" type="Node3D" parent="House" instance=ExtResource("4_fhtln")]
transform = Transform3D(1, 0, 0, 0, 1, 0, 0, 0, 1, 5.34135, 0, -9.09137)
script = ExtResource("5_8hnxr")

[node name="Pillar_2   ; p   2" type="Node3D" parent="House" instance=ExtResource("4_fhtln")]
transform = Transform3D(1, 0, 0, 0, 1, 0, 0, 0, 1, -8.13479, 0, -15.2724)
script = ExtResource("5_8hnxr")

[node name="Pillar_3   ; p   24" type="Node3D" parent="House" instance=ExtResource("4_fhtln")]
transform = Transform3D(1, 0, 0, 0, 1, 0, 0, 0, 1, -5.57795, -0.0532467, 11.1013)
script = ExtResource("5_8hnxr")

[node name="Pillar_4   ; p   2" type="Node3D" parent="House" instance=ExtResource("4_fhtln")]
transform = Transform3D(1, 0, 0, 0, 1, 0, 0, 0, 1, -10.6948, -9.53674e-07, 17.2663)
script = ExtResource("5_8hnxr")

[node name="Pillar_5   ; p   7" type="Node3D" parent="House" instance=ExtResource("4_fhtln")]
transform = Transform3D(1, 0, 0, 0, 1, 0, 0, 0, 1, 14.8827, 0, 15.8261)
script = ExtResource("5_8hnxr")

[node name="Wall_0   ; p   16" type="CSGCombiner3D" parent="House" instance=ExtResource("6_tsp63")]
transform = Transform3D(-0.878146, 0, -0.478393, 0, 1, 0, 0.478393, 0, -0.878146, 9.92604, 0, -0.675654)
script = ExtResource("7_pyeh0")

[node name="Wall_1   ; p   9" type="CSGCombiner3D" parent="House" instance=ExtResource("6_tsp63")]
transform = Transform3D(-0.416904, 0, -0.908951, 0, 1, 0, 0.908951, 0, -0.416904, -1.39672, 0, -12.1819)
script = ExtResource("7_pyeh0")

[node name="Wall_2   ; p   8" type="CSGCombiner3D" parent="House" instance=ExtResource("6_tsp63")]
transform = Transform3D(0.995332, 0, 0.0965149, 0, 1, 0, -0.0965149, 0, 0.995332, -6.85637, -0.0266233, -2.08557)
script = ExtResource("7_pyeh0")

[node name="Wall_3   ; p   12" type="CSGCombiner3D" parent="House" instance=ExtResource("6_tsp63")]
transform = Transform3D(-0.165023, 0, 0.98629, 0, 1, 0, -0.98629, 0, -0.165023, 4.46638, -0.0266233, 9.42066)
script = ExtResource("7_pyeh0")

[node name="Wall_4   ; p   10" type="CSGCombiner3D" parent="House" instance=ExtResource("6_tsp63")]
transform = Transform3D(-0.05622, 0, 0.998418, 0, 1, 0, -0.998418, 0, -0.05622, 2.09393, -4.76837e-07, 16.5462)
script = ExtResource("7_pyeh0")

[node name="@CSGPolygon3D@32486" type="CSGPolygon3D" parent="House"]
transform = Transform3D(1, 0, 0, 0, -4.37114e-08, -1, 0, 1, -4.37114e-08, 0, 0, 0)
polygon = PackedVector2Array(14.5107, 7.74006, 5.34135, -9.09137, -8.13479, -15.2724, -5.57795, 11.1013)
depth = 0.1
material = ExtResource("9_q7pkc")

[node name="@CSGPolygon3D@32487" type="CSGPolygon3D" parent="House"]
transform = Transform3D(1, 0, 0, 0, -4.37114e-08, -1, 0, 1, -4.37114e-08, 0, 4.84575, 0)
polygon = PackedVector2Array(14.5107, 7.74006, 5.34135, -9.09137, -8.13479, -15.2724, -5.57795, 11.1013)
depth = 0.1
material = ExtResource("10_lfyxc")

[node name="OmniLight3D" type="OmniLight3D" parent="."]
transform = Transform3D(1, 0, 0, 0, 1, 0, 0, 0, 1, 0, 2.19175, 0)
omni_range = 11.408
omni_attenuation = 0.0544094

[connection signal="visibility_changed" from="." to="." method="_on_visibility_changed"]
